4294967294,132
4294967294,134
4294967294,1215
4294967294,1214
4294967294,1213
4294967294,1212
4294967294,1211
4294967294,1210
4294967294,1209
4294967294,1208
4294967294,1207
4294967294,1206
4294967294,1205
4294967294,1204
4294967294,1203
4294967294,1202
4294967294,1201
4294967294,1200
4294967294,1199
4294967294,1198
4294967294,1197
4294967294,1196
4294967294,1195
4294967294,1194
4294967294,1193
4294967294,1192
4294967294,1191
4294967294,1190
4294967294,1189
4294967294,1188
4294967294,1187
4294967294,1186
4294967294,1185
4294967294,1184
4294967294,1183
4294967294,1182
4294967294,1181
4294967294,1180
4294967294,1179
4294967294,1178
4294967294,1177
4294967294,1176
4294967294,1175
4294967294,1174
4294967294,1173
4294967294,1172
4294967294,1171
4294967294,1170
4294967294,1169
4294967294,1168
4294967294,1167
4294967294,1166
4294967294,152
4294967294,151
4294967294,139
4294967294,138
4294967294,137
4294967294,1220
4294967294,1279
4294967294,1278
4294967294,1277
4294967294,1276
4294967294,1275
4294967294,1274
4294967294,1273
4294967294,1272
4294967294,1271
4294967294,1270
4294967294,1269
4294967294,1268
4294967294,1267
4294967294,1266
4294967294,1265
4294967294,1264
4294967294,1263
4294967294,1262
4294967294,1261
4294967294,1260
4294967294,1259
4294967294,1258
4294967294,1257
4294967294,1256
4294967294,1255
4294967294,1254
4294967294,1253
4294967294,1252
4294967294,1251
4294967294,1250
4294967294,1249
4294967294,1248
4294967294,1247
4294967294,1246
4294967294,1245
4294967294,1244
4294967294,1243
4294967294,1242
4294967294,1241
4294967294,1240
4294967294,1239
4294967294,1238
4294967294,1324
4294967294,1280
4294967294,1343
4294967294,1342
4294967294,1341
4294967294,1340
4294967294,1339
4294967294,1338
4294967294,1337
4294967294,1336
4294967294,1335
4294967294,1334
4294967294,1333
4294967294,1332
4294967294,1331
4294967294,1330
4294967294,1295
4294967294,1284
10,5
10,4
10,3
10,2
10,1
10,0
2,4
2,3
2,2
2,1
2,0
4243767290,0
4243767282,0
4294967279,253
4294967279,254
4294967279,255
4294967294,1375
4294967294,1391
4294967294,1404
4294967294,1403
4294967294,1402
4294967294,1401
4294967294,1400
4294967294,1399
4294967294,1398
4294967294,1390
4294967294,1374
4294967294,1357
3,5
3,4
3,3
3,2
3,1
3,0
4294967294,431
4294967294,439
4294967294,907
4294967294,905
4294967294,430
4294967294,428
4294967294,425
4294967294,427
4294967294,1419
4294967294,1412
4294967294,1411
4294967294,1410
4294967294,1409
4294967294,1408
4294967294,955
4294967294,954
4294967294,953
4294967294,952
4294967294,457
4294967294,453
4294967294,455
4294967294,451
4294967279,447
4294967279,446
4294967279,445
4294967279,444
4294967279,443
4294967279,442
4294967279,441
4294967279,440
4294967279,439
4294967279,438
4294967279,437
4294967279,436
4294967279,435
4294967279,434
4294967279,433
4294967279,432
4294967279,431
4294967279,430
4294967279,429
4294967279,428
5,6
5,5
5,4
4294967294,1025
4294967294,1024
4294967294,575
4294967294,574
4294967294,573
4294967294,572
4294967294,571
4294967294,570
4294967294,569
4294967294,568
4294967294,567
4294967294,566
4294967294,565
4294967294,564
4294967294,563
4294967294,562
4294967294,561
4294967294,35
4294967294,34
4294967294,33
4294967294,32
4294967294,31
4294967294,30
4294967294,23
4294967294,22
4294967294,21
4294967294,11
4294967294,10
4294967294,9
4294967294,7
4294967294,6
4294967294,3
4294967279,493
4294967279,492
4294967279,491
4294967279,490
4294967279,489
4294967279,488
4294967279,487
4294967279,486
4294967279,485
4294967279,484
4294967279,483
4294967279,482
4294967279,481
4294967279,480
4294967279,479
4294967279,478
4294967279,477
4294967279,476
4294967279,475
4294967279,474
4294967279,473
4294967279,472
4294967279,471
4294967294,1151
4294967294,1150
4294967294,1149
4294967294,1148
4294967294,1147
4294967294,1146
4294967294,1145
4294967294,1144
4294967294,1143
4294967294,1142
4294967294,1141
4294967294,1140
4294967294,1139
4294967294,1138
4294967294,1137
4294967294,1136
4294967294,1135
4294967294,1134
4294967294,1133
4294967294,1132
4294967294,1131
4294967294,1130
4294967294,1129
4294967294,1128
4294967294,1127
4294967294,1126
4294967294,1125
4294967294,1124
4294967294,1123
4294967294,1122
4294967294,1121
4294967294,1120
4294967294,1119
4294967294,1118
4294967294,1117
4294967294,1116
4294967294,1115
4294967294,1114
4294967294,1113
4294967294,1112
4294967294,1111
4294967294,1110
4294967294,1109
4294967294,1108
4294967294,1107
4294967294,1106
4294967294,1105
4294967294,1104
4294967294,1103
4294967294,1102
4294967294,1101
4294967294,1100
4294967294,1099
4294967294,1098
4294967294,1097
4294967294,1096
4294967294,1095
4294967294,1094
4294967294,1093
4294967294,1089
